[Info]
Type:AdvDupe File
Creator:"[nXs]vylan4night"
Date:03/28/13
Description:"none"
Entities:3
Constraints:4
[More Information]
FileVersion:0.84
AdvDupeVersion:1.85
AdvDupeToolVersion:1.9
AdvDupeSharedVersion:1.72
SerialiserVersion:1.4
WireVersion:Not Installed
Time:02:14 AM
Head:46
HoldAngle:0,-63.9285,0
HoldPos:9.94091,8.0917,-0.453333
StartPos:1295.93,-2305.11,64.0313
[Save]
Entities:0x41785558{Y:18=T:0x41785580;}0x41785c00{N:0=T:0x41785ed8;}0x41758dd8{Y:13=N:0;}0x41a2e5b0{V:1270.67,-2489.31,64.4927;A:0.0370649,55.3772,-0.0119324;Y:1;T:0x315a4638;T:0x41758c80;}H0x315a48b0{N:46=T:0x41758c80;N:50=T:0x399a4f48;N:47=T:0x3e101ae0;}0x3e101ae0{Y:8=N:0;Y:4=V:9.10449,6.41235,33.5745;Y:6=A:0.243436,-4.30032,179.236;S:"Pos"=V:9.10449,6.41235,33.5745;Y:9=T:0x417855e0;Y:2=A:0.243436,-4.30032,179.236;Y:3=A:0.243436,-27.8412,179.236;Y:11=Y:16;Y:12=Y:17;Y:14=T:0x417854d0;}0x399a4f48{Y:7=T:0x3c537cd8;Y:8=N:0;Y:4=V:-2.75122,-0.189209,34.283;Y:6=A:89.0342,-93.1503,142.741;S:"Pos"=V:-2.75122,-0.189209,34.283;Y:9=T:0x41785c00;Y:2=A:89.0342,-93.1503,142.741;Y:3=A:89.0342,-116.691,142.741;Y:11=Y:10;Y:12=Y:15;Y:14=T:0x399a5098;}0x399a5098{Y:13=N:0;}0x3c537cd8{V:1267.06,-2475.61,98.3143;A:89.0342,-116.691,142.741;Y:15;T:0x41785c00;T:0x399a4f48;}0x3cf7a448{S:"Pos"=V:6.03003,-11.3105,0.461449;Y:2=A:0.0370649,78.9182,359.988;Y:3=A:0.0370649,55.3772,-0.0119292;Y:4=V:6.03003,-11.3105,0.461449;Y:5=B:f;Y:6=A:0.0370649,78.9182,359.988;}0x315a4638{N:0=T:0x3cf7a448;}0x41785ed8{S:"Pos"=V:-2.75122,-0.189209,34.283;Y:2=A:89.0342,-93.1503,142.741;Y:3=A:89.0342,-116.691,142.741;Y:4=V:-2.75122,-0.189209,34.283;Y:5=B:f;Y:6=A:89.0342,-93.1503,142.741;}0x41758c80{Y:7=T:0x41a2e5b0;Y:8=N:0;Y:4=V:6.03003,-11.3105,0.461449;Y:6=A:0.0370649,78.9182,-0.0119324;S:"Pos"=V:6.03003,-11.3105,0.461449;Y:9=T:0x315a4638;Y:2=A:0.0370649,78.9182,-0.0119324;Y:3=A:0.0370649,55.3772,-0.0119324;Y:11=Y:10;Y:12=Y:1;Y:14=T:0x41758dd8;}0x41785668{S:"Pos"=V:9.10449,6.41235,33.5745;Y:2=A:0.243436,-4.30032,179.236;Y:5=B:f;Y:4=V:9.10449,6.41235,33.5745;Y:3=A:0.243436,-27.8412,179.236;Y:6=A:0.243436,-4.30032,179.236;}0x41785580{;}0x417855e0{N:0=T:0x41785668;}0x417854d0{Y:19=T:0x41785558;Y:13=N:0;}
Constraints:0x41759030{T:0x417590e8;T:0x41758ff8;}0x41758ff8{Y:29=N:0;Y:31=N:46;}0x417590e8{Y:29=N:0;Y:31=N:47;}0x399a52e8{T:0x399a53a0;T:0x399a5470;}0x399a5838{Y:29=N:0;Y:30=V:-5.24763,-1.31691,11.9646;Y:31=N:47;}0x41758fd0{Y:23=Y:34;Y:32=T:0x41759030;Y:28=N:0;}0x399a5470{Y:29=N:0;Y:31=N:46;}0x41785a18{Y:29=N:0;Y:30=V:3.44588,6.45311,1.07086;Y:31=N:50;}0x399a5768{Y:29=N:0;Y:30=V:1.70674,6.97013,1.768;Y:31=N:50;}0x399a52c0{Y:23=Y:34;Y:32=T:0x399a52e8;Y:28=N:0;}0x417856b0{Y:20=V:3.44588,6.45311,1.07086;Y:21=N:0.41;Y:23=Y:22;Y:24=N:17.674931474467;Y:26=Y:25;Y:27=V:-4.81734,1.74835,12.0469;Y:28=N:0;Y:32=T:0x41785840;Y:33=N:104.55;}0x41785840{T:0x41785a18;T:0x41785b20;}0x399a5590{T:0x399a5768;T:0x399a5838;}H0x3b440f60{T:0x399a5568;T:0x417856b0;T:0x41758fd0;T:0x399a52c0;}0x399a5568{Y:20=V:1.70674,6.97013,1.768;Y:21=N:0.41;Y:23=Y:22;Y:24=N:20.358671568373;Y:26=Y:25;Y:27=V:-5.24763,-1.31691,11.9646;Y:28=N:0;Y:32=T:0x399a5590;Y:33=N:104.55;}0x399a53a0{Y:29=N:0;Y:31=N:50;}0x41785b20{Y:29=N:0;Y:30=V:-4.81734,1.74835,12.0469;Y:31=N:47;}
[Dict]
1:"models/props_c17/oildrum001_explosive.mdl"
2:"LocalAngle"
3:"Angles"
4:"LocalPos"
5:"Frozen"
6:"Angle"
7:"arglist"
8:"Skin"
9:"PhysicsObjects"
10:"prop_physics"
11:"Class"
12:"Model"
13:"CollisionGroupMod"
14:"EntityMods"
15:"models/props_c17/clock01.mdl"
16:"sent_tnt"
17:"models/dav0r/tnt/tnt.mdl"
18:"Wires"
19:"WireDupeInfo"
20:"LPos1"
21:"width"
22:"Rope"
23:"Type"
24:"length"
25:"cable/cable2"
26:"material"
27:"LPos2"
28:"forcelimit"
29:"Bone"
30:"LPos"
31:"Index"
32:"Entity"
33:"addlength"
34:"Weld"
Saved:73